## 
key
value
##

1000000000000037
12649121 18973677 -1
1000000000000037
6324563 12649119 -1
1000000000000037
5 6324561 -1
100000000000003745968495068509685096805681
not-prime
1500450271
31005 38735 -1
1500450271
23255 31003 -1
1500450271
15505 23253 -1
1500450271
7755 15503 -1
1500450271
5 7753 -1
2860486313
5 10701 -1
2860486313
42797 53483 -1
2860486313
32099 42795 -1
2860486313
21401 32097 -1
2860486313
10703 21399 -1
3267000013
5 11437 -1
3267000013
45741 57157 -1
3267000013
34307 45739 -1
3267000013
22873 34305 -1
3267000013
11439 22871 -1
33679003131379
not-prime
3628273133
24105 36153 -1
3628273133
36155 48203 -1
3628273133
48205 60235 -1
3628273133
5 12053 -1
3628273133
12055 24103 -1
4093082899
5 12801 -1
4093082899
51197 63977 -1
4093082899
38399 51195 -1
4093082899
25601 38397 -1
4093082899
12803 25599 -1
5463458053
59149 73915 -1
5463458053
44363 59147 -1
5463458053
29577 44361 -1
5463458053
14791 29575 -1
5463458053
5 14789 -1
5754853343
60701 75859 -1
5754853343
45527 60699 -1
5754853343
30353 45525 -1
5754853343
15179 30351 -1
5754853343
5 15177 -1
5915587277
5 15387 -1
5915587277
61541 76911 -1
5915587277
46157 61539 -1
5915587277
30773 46155 -1
5915587277
15389 30771 -1
9576890767
5 19577 -1
9576890767
19579 39151 -1
9576890767
39153 58725 -1
9576890767
58727 78299 -1
9576890767
78301 97861 -1
